[gd_scene format=3 uid="uid://bwv2g6y7ychem"]

[ext_resource type="AudioStream" uid="uid://dvwvncsmbcy51" path="res://sounds/tornado_sound_Josh74000MC (Freesound).mp3" id="1_fq3dv"]
[ext_resource type="PackedScene" uid="uid://bfa3n8gndsl51" path="res://scenes/tornado.tscn" id="1_tornado"]
[ext_resource type="Script" uid="uid://bd046eokvcnu2" path="res://addons/phantom_camera/scripts/phantom_camera_host/phantom_camera_host.gd" id="2_host"]
[ext_resource type="PackedScene" uid="uid://d1wxv7knfpgt0" path="res://scenes/destructibles/generated/Apartments.tscn" id="2_wslke"]
[ext_resource type="Script" uid="uid://csjccrhj5wnx7" path="res://addons/phantom_camera/scripts/phantom_camera/phantom_camera_3d.gd" id="3_pcam"]
[ext_resource type="Script" uid="uid://8umksf8e80fw" path="res://addons/phantom_camera/scripts/resources/tween_resource.gd" id="4_tween"]
[ext_resource type="Script" uid="uid://bxp3i4cnonh8y" path="res://addons/road-generator/nodes/road_manager.gd" id="5_cgoaf"]
[ext_resource type="Texture2D" uid="uid://dg205j81ea1qi" path="res://assets/UI/cursor/crosshair135.png" id="5_cursor"]
[ext_resource type="PackedScene" uid="uid://d23s6bfnq6fex" path="res://addons/road-generator/custom_containers/4way_1x1.tscn" id="6_8kgjo"]
[ext_resource type="Script" uid="uid://bjaystaecgmd0" path="res://scripts/ground_cursor.gd" id="6_groundcursor"]
[ext_resource type="PackedScene" uid="uid://btf4eewwb5v7s" path="res://addons/road-generator/custom_containers/splitter_2x2.tscn" id="6_mwr4f"]
[ext_resource type="Script" uid="uid://cph7euje06kel" path="res://addons/road-generator/nodes/road_container.gd" id="7_1qn5a"]
[ext_resource type="Script" uid="uid://difs1qg4mpcpw" path="res://addons/road-generator/nodes/road_point.gd" id="8_leq5k"]
[ext_resource type="Script" uid="uid://bbcans6eh52nl" path="res://scripts/targeting/targeting_controller.gd" id="8_target"]
[ext_resource type="PackedScene" uid="uid://52xlweaf1pst" path="res://addons/road-generator/custom_containers/roundabout_2x2.tscn" id="9_qcc5i"]
[ext_resource type="Script" uid="uid://cc4pny7lvupm7" path="res://scripts/tools/debug_controls.gd" id="10_fujdbg"]
[ext_resource type="Script" uid="uid://bcihogyjp3u7b" path="res://scripts/cloud_drift.gd" id="11_cloud"]
[ext_resource type="Script" uid="uid://dx0pklu2apuar" path="res://addons/road-generator/nodes/road_intersection.gd" id="11_vqsqp"]
[ext_resource type="Script" uid="uid://cgs6u4duwhvhk" path="res://scripts/camera_director.gd" id="12_camdir"]
[ext_resource type="Script" uid="uid://cob3ih0wpthwf" path="res://addons/road-generator/procgen/intersection_ngon.gd" id="12_la2vj"]
[ext_resource type="PackedScene" uid="uid://cxs20jbwi8s0w" path="res://scenes/destructibles/generated/House_5.tscn" id="14_c70he"]
[ext_resource type="PackedScene" uid="uid://dl2ggbjespgv8" path="res://addons/road-generator/custom_containers/3way_1x1.tscn" id="14_fq3dv"]
[ext_resource type="PackedScene" uid="uid://btb4p8sah11hc" path="res://scenes/destructibles/generated/Skyscraper_1.tscn" id="15_mo32q"]
[ext_resource type="PackedScene" uid="uid://bp7hlnb7jfn3y" path="res://scenes/destructibles/generated/Tree_1.tscn" id="16_6k6j1"]
[ext_resource type="PackedScene" uid="uid://bco37m4e6231h" path="res://scenes/destructibles/generated/Tree_2.tscn" id="17_m335s"]
[ext_resource type="PackedScene" uid="uid://mraqnsrw41fx" path="res://scenes/destructibles/generated/Barn.tscn" id="18_baix8"]
[ext_resource type="Script" uid="uid://ctvrqhr4nfi18" path="res://scripts/enemy/npc_spawner.gd" id="19_spawn"]
[ext_resource type="PackedScene" uid="uid://ctruckscene01" path="res://scenes/NPC/truck.tscn" id="20_truck"]
[ext_resource type="PackedScene" uid="uid://d3vfahgwuc1au" path="res://scenes/NPC/helicopter.tscn" id="21_heli"]
[ext_resource type="PackedScene" uid="uid://bhur7wlssq07x" path="res://scenes/NPC/plane.tscn" id="22_plane"]
[ext_resource type="PackedScene" uid="uid://cl7kv1uohxtnn" path="res://scenes/NPC/tank.tscn" id="23_tank"]
[ext_resource type="AudioStream" uid="uid://b8ifd7f4rhl4f" path="res://sounds/game_music_moodmode.mp3" id="24_gamemusic"]
[ext_resource type="Script" uid="uid://b8snlop3dxfh5" path="res://scripts/vfx_prewarmer.gd" id="25_prewarm"]
[ext_resource type="PackedScene" uid="uid://swg8uy7c3sdd" path="res://scenes/destructibles/generated/Skyscraper_3.tscn" id="28_g8nl4"]
[ext_resource type="PackedScene" uid="uid://5jy1y48t5p1o" path="res://scenes/hud.tscn" id="29_s2dh3"]
[ext_resource type="PackedScene" uid="uid://bf0xsj8v8xyog" path="res://scenes/destructibles/generated/Bank.tscn" id="29_vqsqp"]
[ext_resource type="PackedScene" uid="uid://xhijtc3ftthh" path="res://scenes/destructibles/generated/Motel.tscn" id="30_la2vj"]
[ext_resource type="PackedScene" uid="uid://5eqx8h55dd78" path="res://scenes/destructibles/generated/Bush_2.tscn" id="31_5cjpp"]
[ext_resource type="PackedScene" uid="uid://dg60ku0p8205u" path="res://scenes/destructibles/generated/Gas_Station.tscn" id="31_qcc5i"]
[ext_resource type="PackedScene" uid="uid://bptnb5hy1p1tv" path="res://scenes/destructibles/generated/Church_2.tscn" id="32_litwm"]
[ext_resource type="PackedScene" uid="uid://op1ocpd8lapp" path="res://scenes/destructibles/generated/Billboard.tscn" id="32_xcq86"]
[ext_resource type="PackedScene" uid="uid://b10bopdamp6sh" path="res://scenes/destructibles/generated/Power_Lines.tscn" id="33_7s432"]
[ext_resource type="PackedScene" uid="uid://sdl48myg58va" path="res://scenes/destructibles/generated/Tree_4.tscn" id="36_baix8"]
[ext_resource type="PackedScene" uid="uid://bcjk3gbhn13s3" path="res://scenes/destructibles/generated/House_1.tscn" id="40_g8nl4"]
[ext_resource type="PackedScene" uid="uid://bqwd7gs2h8km4" path="res://scenes/destructibles/generated/House_6.tscn" id="41_5cjpp"]
[ext_resource type="PackedScene" uid="uid://bmt2dljv1fn7e" path="res://scenes/destructibles/generated/House_2.tscn" id="41_vqsqp"]
[ext_resource type="PackedScene" uid="uid://bkch0qyuc2qds" path="res://scenes/destructibles/generated/Silo.tscn" id="44_s2dh3"]
[ext_resource type="PackedScene" uid="uid://drde6u2bt1r15" path="res://scenes/destructibles/generated/Tree_3.tscn" id="47_8kgjo"]
[ext_resource type="PackedScene" uid="uid://bowd2angda6p7" path="res://scenes/destructibles/generated/Church_1.tscn" id="48_fq3dv"]
[ext_resource type="PackedScene" uid="uid://q8gj06s2jld0" path="res://scenes/destructibles/generated/Skyscraper_2.tscn" id="49_ogd7i"]

[sub_resource type="ProceduralSkyMaterial" id="SkyMat"]
sky_horizon_color = Color(0.7, 0.71, 0.72, 1)
sky_energy_multiplier = 0.38
ground_bottom_color = Color(0.25, 0.27, 0.27, 1)
ground_horizon_color = Color(0.7, 0.71, 0.72, 1)

[sub_resource type="Sky" id="Sky"]
sky_material = SubResource("SkyMat")

[sub_resource type="Environment" id="Env"]
background_mode = 2
sky = SubResource("Sky")
ambient_light_source = 3
ambient_light_energy = 0.6
tonemap_mode = 2
tonemap_exposure = 0.75
glow_enabled = true
glow_intensity = 0.9
glow_bloom = 0.15
glow_hdr_threshold = 0.9
fog_enabled = true
fog_light_color = Color(0.7, 0.71, 0.72, 1)
fog_density = 0.0003

[sub_resource type="Gradient" id="CloudGrad"]
offsets = PackedFloat32Array(0.38, 0.58, 1)
colors = PackedColorArray(1, 1, 1, 0, 1, 1, 1, 0.85, 1, 1, 1, 1)

[sub_resource type="FastNoiseLite" id="CloudNoise"]
frequency = 0.015
fractal_octaves = 4

[sub_resource type="NoiseTexture2D" id="CloudTex"]
noise = SubResource("CloudNoise")
color_ramp = SubResource("CloudGrad")
seamless = true

[sub_resource type="StandardMaterial3D" id="CloudMat"]
transparency = 1
cull_mode = 2
shading_mode = 0
albedo_color = Color(0.85, 0.85, 0.85, 1)
albedo_texture = SubResource("CloudTex")
uv1_scale = Vector3(14, 14, 1)

[sub_resource type="PlaneMesh" id="CloudMesh"]
size = Vector2(5000, 5000)

[sub_resource type="Resource" id="Resource_xcq86"]
script = ExtResource("12_la2vj")

[sub_resource type="BoxMesh" id="GroundMesh"]
size = Vector3(4000, 2, 4000)

[sub_resource type="StandardMaterial3D" id="GroundMat"]
albedo_color = Color(0.31, 0.42, 0.26, 1)

[sub_resource type="BoxShape3D" id="GroundShape"]
size = Vector3(4000, 2, 4000)

[sub_resource type="Resource" id="TweenRes"]
script = ExtResource("4_tween")

[node name="Map" type="Node3D" unique_id=1135035617]

[node name="Tornado Sound" type="AudioStreamPlayer" parent="." unique_id=257192581]
stream = ExtResource("1_fq3dv")
volume_db = -19.238
autoplay = true
parameters/looping = true

[node name="Music" type="AudioStreamPlayer" parent="." unique_id=1135035618]
stream = ExtResource("24_gamemusic")
volume_db = -12.661
autoplay = true
parameters/looping = true

[node name="WorldEnvironment" type="WorldEnvironment" parent="." unique_id=1685973432]
environment = SubResource("Env")

[node name="VFXPrewarmer" type="Node3D" parent="." unique_id=112297827]
script = ExtResource("25_prewarm")

[node name="Sun" type="DirectionalLight3D" parent="." unique_id=96083465]
transform = Transform3D(0.866025, -0.321394, 0.383022, 0, 0.766044, 0.642788, -0.5, -0.556671, 0.663414, 0, 50, 0)
shadow_enabled = true

[node name="CloudLayer" type="MeshInstance3D" parent="." unique_id=760906253]
transform = Transform3D(1, 0, 0, 0, 1, 0, 0, 0, 1, 0, 98.75401, 0)
visible = false
material_override = SubResource("CloudMat")
mesh = SubResource("CloudMesh")
script = ExtResource("11_cloud")
underside_darken = 0.25

[node name="RoadManager" type="Node3D" parent="." unique_id=1526598994]
transform = Transform3D(1, 0, 0, 0, 1, 0, 0, 0, 1, 0, 0.3, 0)
script = ExtResource("5_cgoaf")
metadata/_custom_type_script = "uid://bxp3i4cnonh8y"

[node name="4way_1x1" parent="RoadManager" unique_id=1543654219 instance=ExtResource("6_8kgjo")]
transform = Transform3D(1, 0, 0, 0, 1, 0, 0, 0, 1, 486.10013, 0.19999999, 199.94742)
edge_containers = Array[NodePath]([NodePath("../Road_014"), NodePath(""), NodePath(""), NodePath("")])
edge_rp_targets = Array[NodePath]([NodePath("RP_001"), NodePath(""), NodePath(""), NodePath("")])
edge_rp_target_dirs = Array[int]([0, -1, -1, -1])

[node name="splitter_2x2" parent="RoadManager" unique_id=1452543431 instance=ExtResource("6_mwr4f")]
transform = Transform3D(-0.999955, 0, -0.009479349, 0, 1, 0, 0.009479349, 0, -0.999955, 244.78539, -0.050000012, 163.37643)
edge_containers = Array[NodePath]([NodePath("../Road_008"), NodePath("../Road_012"), NodePath("../Road_004")])
edge_rp_targets = Array[NodePath]([NodePath("RP_002"), NodePath("RP_005"), NodePath("RP_002")])
edge_rp_target_dirs = Array[int]([0, 0, 1])

[node name="Road_001" type="Node3D" parent="RoadManager" unique_id=487373607]
transform = Transform3D(1, 0, 0, 0, 1, 0, 0, 0, 1, 263.77997, -0.3, 4.7813416)
script = ExtResource("7_1qn5a")
use_lowpoly_preview = true
edge_containers = Array[NodePath]([NodePath("../roundabout_2x2"), NodePath("../Road_012")])
edge_rp_targets = Array[NodePath]([NodePath("RP_EXIT_C"), NodePath("RP_004")])
edge_rp_target_dirs = Array[int]([0, 0])
edge_rp_locals = Array[NodePath]([NodePath("RP_001"), NodePath("RP_002")])
edge_rp_local_dirs = Array[int]([0, 1])

[node name="RP_001" type="Node3D" parent="RoadManager/Road_001" unique_id=991590052]
transform = Transform3D(0.009479218, 0, -0.99995506, 0, 1, 0, 0.99995506, 0, 0.009479218, 0, 0.25, 0)
script = ExtResource("8_leq5k")
traffic_dir = Array[int]([2, 2, 1, 1])
lanes = Array[int]([2, 4, 4, 2])
next_mag = 213.24603
prior_pt_init = NodePath("../RP_002")

[node name="RP_002" type="Node3D" parent="RoadManager/Road_001" unique_id=1245019379]
transform = Transform3D(0.009479218, 0, -0.99995506, 0, 1, 0, 0.99995506, 0, 0.009479218, 426.4729, 0.25, -4.042816)
script = ExtResource("8_leq5k")
traffic_dir = Array[int]([2, 2, 1, 1])
lanes = Array[int]([2, 4, 4, 2])
prior_mag = 213.24603
next_mag = 213.24603
next_pt_init = NodePath("../RP_001")

[node name="Road_002" type="Node3D" parent="RoadManager" unique_id=1216628968]
transform = Transform3D(1, 0, 0, 0, 1, 0, 0, 0, 1, 184.56473, -0.30001527, 14.561422)
script = ExtResource("7_1qn5a")
use_lowpoly_preview = true
edge_containers = Array[NodePath]([NodePath(""), NodePath("")])
edge_rp_targets = Array[NodePath]([NodePath(""), NodePath("")])
edge_rp_target_dirs = Array[int]([-1, -1])
edge_rp_locals = Array[NodePath]([NodePath("RP_001"), NodePath("RP_001")])
edge_rp_local_dirs = Array[int]([0, 1])

[node name="RP_001" type="Node3D" parent="RoadManager/Road_002" unique_id=81211421]
transform = Transform3D(1, 0, 0, 0, 1, 0, 0, 0, 1, 0, 0.25, 0)
script = ExtResource("8_leq5k")
traffic_dir = Array[int]([2, 2, 1, 1])
lanes = Array[int]([2, 4, 4, 2])

[node name="roundabout_2x2" parent="RoadManager" unique_id=995014737 instance=ExtResource("9_qcc5i")]
transform = Transform3D(0.99995506, 0, 0.009479262, 0, 1, 0, -0.009479262, 0, 0.99995506, 241.78096, -0.050000012, 4.9898853)
edge_containers = Array[NodePath]([NodePath("../Road_007"), NodePath("../Road_004"), NodePath("../Road_001"), NodePath("../Road_003")])
edge_rp_targets = Array[NodePath]([NodePath("RP_006"), NodePath("RP_001"), NodePath("RP_001"), NodePath("RP_001")])
edge_rp_target_dirs = Array[int]([1, 0, 0, 0])

[node name="Road_003" type="Node3D" parent="RoadManager" unique_id=848497700]
transform = Transform3D(0.9998774, 0.00060446624, 0.015652256, -0.0006044819, 0.9999999, -3.731785e-06, -0.015652256, -5.7301786e-06, 0.9998776, 219.7818, -0.29999998, 5.198431)
script = ExtResource("7_1qn5a")
use_lowpoly_preview = true
edge_containers = Array[NodePath]([NodePath("../roundabout_2x2"), NodePath("")])
edge_rp_targets = Array[NodePath]([NodePath("RP_EXIT_D"), NodePath("")])
edge_rp_target_dirs = Array[int]([0, -1])
edge_rp_locals = Array[NodePath]([NodePath("RP_001"), NodePath("RP_001")])
edge_rp_local_dirs = Array[int]([0, 1])

[node name="RP_001" type="Node3D" parent="RoadManager/Road_003" unique_id=2106565391]
transform = Transform3D(0.0061734086, -0.00060448184, 0.99998075, 0, 0.9999998, 0.00060449337, -0.9999809, -3.7317845e-06, 0.0061734077, 0, 0.25, 0)
script = ExtResource("8_leq5k")
traffic_dir = Array[int]([2, 2, 1, 1])
lanes = Array[int]([2, 4, 4, 2])
next_mag = 206.7595

[node name="Road_004" type="Node3D" parent="RoadManager" unique_id=509433965]
transform = Transform3D(0.9998853, 0, -0.015140614, 0, 1, 0, 0.015140614, 0, 0.9998853, 241.98949, -0.3, 26.988895)
script = ExtResource("7_1qn5a")
use_lowpoly_preview = true
edge_containers = Array[NodePath]([NodePath("../roundabout_2x2"), NodePath("../splitter_2x2")])
edge_rp_targets = Array[NodePath]([NodePath("RP_EXIT_B"), NodePath("cap")])
edge_rp_target_dirs = Array[int]([0, 0])
edge_rp_locals = Array[NodePath]([NodePath("RP_001"), NodePath("RP_002")])
edge_rp_local_dirs = Array[int]([0, 1])

[node name="RP_001" type="Node3D" parent="RoadManager/Road_004" unique_id=1146243020]
transform = Transform3D(-0.9996969, 0, -0.024618197, 0, 1, 0, 0.024618197, 0, -0.9996969, 0, 0.25, 0)
script = ExtResource("8_leq5k")
traffic_dir = Array[int]([2, 2, 1, 1])
lanes = Array[int]([2, 4, 4, 2])
next_mag = 139.47649
prior_pt_init = NodePath("../RP_002")

[node name="RP_002" type="Node3D" parent="RoadManager/Road_004" unique_id=1274558812]
transform = Transform3D(-0.9996969, 0, -0.024618197, 0, 1, 0, 0.024618197, 0, -0.9996969, 4.4667053, 0.25, 120.33444)
script = ExtResource("8_leq5k")
traffic_dir = Array[int]([2, 2, 1, 1])
lanes = Array[int]([2, 4, 4, 2])
prior_mag = 62.214294
next_mag = 139.47649
next_pt_init = NodePath("../RP_001")

[node name="Road_005" type="Node3D" parent="RoadManager" unique_id=1524167555]
transform = Transform3D(0.9996713, -0.0006293498, -0.025634231, 0.000696287, 0.9999965, 0.0026023975, 0.025632503, -0.0026193901, 0.9996681, 106.979004, -0.2062603, 25.336119)
script = ExtResource("7_1qn5a")
use_lowpoly_preview = true
edge_containers = Array[NodePath]([NodePath(""), NodePath("../splitter_2x3")])
edge_rp_targets = Array[NodePath]([NodePath(""), NodePath("cap")])
edge_rp_target_dirs = Array[int]([-1, 0])
edge_rp_locals = Array[NodePath]([NodePath("RP_001"), NodePath("RP_002")])
edge_rp_local_dirs = Array[int]([0, 1])

[node name="RP_001" type="Node3D" parent="RoadManager/Road_005" unique_id=1068397709]
transform = Transform3D(-0.9993835, 9.2166076e-05, -0.03510758, 0, 0.99999654, 0.0026252382, 0.035107702, 0.0026236197, -0.99938005, 0.00015258789, 0.24999994, -1.9073486e-06)
script = ExtResource("8_leq5k")
traffic_dir = Array[int]([2, 2, 1, 1])
lanes = Array[int]([2, 4, 4, 2])
next_mag = 65.441185
prior_pt_init = NodePath("../RP_002")

[node name="RP_002" type="Node3D" parent="RoadManager/Road_005" unique_id=612512289]
transform = Transform3D(-0.99938357, 0, -0.035107702, 0, 1, 0, 0.035107702, 0, -0.99938357, 4.5951157, -0.09359741, 130.80121)
script = ExtResource("8_leq5k")
traffic_dir = Array[int]([2, 2, 1, 1])
lanes = Array[int]([2, 4, 4, 2])
prior_mag = 65.441185
next_mag = 65.441185
next_pt_init = NodePath("../RP_001")

[node name="Road_006" type="Node3D" parent="RoadManager" unique_id=2144544951]
transform = Transform3D(1, 0, 0, 0, 1, 0, 0, 0, 1, 220.36487, -0.3, 5.202401)
script = ExtResource("7_1qn5a")
use_lowpoly_preview = true
edge_containers = Array[NodePath]([NodePath(""), NodePath("../roundabout_2x3")])
edge_rp_targets = Array[NodePath]([NodePath(""), NodePath("RP_EXIT_C")])
edge_rp_target_dirs = Array[int]([-1, 0])
edge_rp_locals = Array[NodePath]([NodePath("RP_001"), NodePath("RP_003")])
edge_rp_local_dirs = Array[int]([0, 1])

[node name="RP_001" type="Node3D" parent="RoadManager/Road_006" unique_id=320727958]
transform = Transform3D(-0.05956857, 0, 0.9982242, 0, 1, 0, -0.9982242, 0, -0.05956857, 0, 0.25, 0)
script = ExtResource("8_leq5k")
traffic_dir = Array[int]([2, 2, 1, 1])
lanes = Array[int]([2, 4, 4, 2])
next_mag = 42.88522
prior_pt_init = NodePath("../RP_002")

[node name="RP_002" type="Node3D" parent="RoadManager/Road_006" unique_id=1793399790]
transform = Transform3D(-0.05956857, 0, 0.9982242, 0, 1, 0, -0.9982242, 0, -0.05956857, -91.74255, 0.24078369, -1.5734081)
script = ExtResource("8_leq5k")
traffic_dir = Array[int]([2, 2, 1, 1])
lanes = Array[int]([2, 4, 4, 2])
prior_mag = 42.88522
next_mag = 42.88522
prior_pt_init = NodePath("../RP_003")
next_pt_init = NodePath("../RP_001")

[node name="RP_003" type="Node3D" parent="RoadManager/Road_006" unique_id=2105594968]
transform = Transform3D(-4.37114e-08, 0, 1, 0, 1, 0, -1, 0, -4.37114e-08, -91.429245, 0.5053276, -1.6910963)
script = ExtResource("8_leq5k")
traffic_dir = Array[int]([2, 2, 1, 1])
lanes = Array[int]([2, 4, 4, 2])
prior_mag = 2.0
next_pt_init = NodePath("../RP_002")

[node name="roundabout_2x3" parent="RoadManager" unique_id=945588613 instance=ExtResource("9_qcc5i")]
transform = Transform3D(1, 0, 0, 0, 1, 0, 0, 0, 1, 106.93562, 0.20532757, 3.5113049)
edge_rp_targets = Array[NodePath]([NodePath(""), NodePath(""), NodePath(""), NodePath("RP_004")])
edge_rp_target_dirs = Array[int]([-1, -1, -1, 0])

[node name="Road_007" type="Node3D" parent="RoadManager" unique_id=1659119323]
transform = Transform3D(1, 0, 0, 0, 1, 0, 0, 0, 1, 107.649574, 0.20534056, -16.417961)
script = ExtResource("7_1qn5a")
use_lowpoly_preview = true
edge_containers = Array[NodePath]([NodePath(""), NodePath("../roundabout_2x2")])
edge_rp_targets = Array[NodePath]([NodePath(""), NodePath("RP_EXIT_A")])
edge_rp_target_dirs = Array[int]([-1, 0])
edge_rp_locals = Array[NodePath]([NodePath("RP_001"), NodePath("RP_006")])
edge_rp_local_dirs = Array[int]([0, 1])

[node name="RP_001" type="Node3D" parent="RoadManager/Road_007" unique_id=1466037621]
transform = Transform3D(0.9990742, -0.00019387476, 0.043018688, 0, 0.99998987, 0.004506711, -0.043019123, -0.0045025386, 0.9990641, 0, 0.25, 0)
script = ExtResource("8_leq5k")
traffic_dir = Array[int]([2, 2, 1, 1])
lanes = Array[int]([2, 4, 4, 2])
next_mag = 56.065346
prior_pt_init = NodePath("../RP_002")

[node name="RP_002" type="Node3D" parent="RoadManager/Road_007" unique_id=1584974164]
transform = Transform3D(0.9990743, -8.723068e-11, 0.04301911, 8.7311505e-11, 1, 0, -0.04301911, 3.756063e-12, 0.9990743, -5.744461, -0.25533295, -111.96171)
script = ExtResource("8_leq5k")
traffic_dir = Array[int]([2, 2, 1, 1])
lanes = Array[int]([2, 4, 4, 2])
prior_mag = 16.0
next_mag = 56.065346
prior_pt_init = NodePath("../RP_003")
next_pt_init = NodePath("../RP_001")

[node name="RP_003" type="Node3D" parent="RoadManager/Road_007" unique_id=1388139823]
transform = Transform3D(0.56420124, -2.6017867e-11, -0.8256373, 4.6114515e-11, 1, 0, 0.8256373, -3.8073864e-11, 0.56420124, 9.954918, -0.25534058, -138.58029)
script = ExtResource("8_leq5k")
traffic_dir = Array[int]([2, 2, 1, 1])
lanes = Array[int]([2, 4, 4, 2])
prior_mag = 48.95856
next_mag = 16.0
prior_pt_init = NodePath("../RP_004")
next_pt_init = NodePath("../RP_002")

[node name="RP_004" type="Node3D" parent="RoadManager/Road_007" unique_id=139613]
transform = Transform3D(-0.44913343, 1.0030118e-11, -0.8934647, 2.2332157e-11, 1, 0, 0.8934647, -1.9952994e-11, -0.44913343, 107.86373, -0.25532532, -137.30487)
script = ExtResource("8_leq5k")
traffic_dir = Array[int]([2, 2, 1, 1])
lanes = Array[int]([2, 4, 4, 2])
prior_mag = 16.0
next_mag = 48.95856
prior_pt_init = NodePath("../RP_005")
next_pt_init = NodePath("../RP_003")

[node name="RP_006" type="Node3D" parent="RoadManager/Road_007" unique_id=834088595]
transform = Transform3D(-0.99995506, 0, -0.0094793495, 0, 1, 0, 0.0094793495, 0, -0.99995506, 133.92285, -0.25534058, -0.59116554)
script = ExtResource("8_leq5k")
traffic_dir = Array[int]([2, 2, 1, 1])
lanes = Array[int]([2, 4, 4, 2])
prior_mag = 2.0
next_pt_init = NodePath("../RP_005")

[node name="RP_005" type="Node3D" parent="RoadManager/Road_007" unique_id=1897303167]
transform = Transform3D(-0.88172793, 1.609755e-11, -0.47175825, 1.8256823e-11, 1, 0, 0.47175825, -8.612807e-12, -0.88172793, 127.47707, -0.25534058, -120.17945)
script = ExtResource("8_leq5k")
traffic_dir = Array[int]([2, 2, 1, 1])
lanes = Array[int]([2, 4, 4, 2])
prior_mag = 16.0
next_mag = 16.0
prior_pt_init = NodePath("../RP_006")
next_pt_init = NodePath("../RP_004")

[node name="splitter_2x3" parent="RoadManager" unique_id=1795521579 instance=ExtResource("6_mwr4f")]
transform = Transform3D(-0.99995506, -0.0006293498, -0.00947772, -0.00060449366, 0.9999965, -0.0026252386, 0.009479359, -0.0026193901, -0.9999519, 108.37132, 0.08574265, 172.21117)
edge_containers = Array[NodePath]([NodePath(""), NodePath("../Road_008"), NodePath("../Road_005")])
edge_rp_targets = Array[NodePath]([NodePath(""), NodePath("RP_005"), NodePath("RP_002")])
edge_rp_target_dirs = Array[int]([-1, 0, 1])

[node name="Road_008" type="Node3D" parent="RoadManager" unique_id=438384506]
transform = Transform3D(1, 0, 0, 0, 1, 0, 0, 0, 1, 122.24101, -0.30001527, 191.1833)
script = ExtResource("7_1qn5a")
use_lowpoly_preview = true
edge_containers = Array[NodePath]([NodePath(""), NodePath(""), NodePath(""), NodePath("../splitter_2x3")])
edge_rp_targets = Array[NodePath]([NodePath(""), NodePath(""), NodePath(""), NodePath("RP_003")])
edge_rp_target_dirs = Array[int]([-1, -1, -1, 1])
edge_rp_locals = Array[NodePath]([NodePath("RP_001"), NodePath("RP_001"), NodePath("RP_002"), NodePath("RP_005")])
edge_rp_local_dirs = Array[int]([0, 1, 0, 0])

[node name="RP_001" type="Node3D" parent="RoadManager/Road_008" unique_id=311256720]
script = ExtResource("8_leq5k")
traffic_dir = Array[int]([2, 2, 1, 1])
lanes = Array[int]([2, 4, 4, 2])

[node name="Intersection2" type="Node3D" parent="RoadManager/Road_008" unique_id=1370223884]
transform = Transform3D(1, 0, 0, 0, 1, 0, 0, 0, 1, 74.80377, 0.25003052, 46.11769)
script = ExtResource("11_vqsqp")
settings = SubResource("Resource_xcq86")

[node name="RP_002" type="Node3D" parent="RoadManager/Road_008" unique_id=879074515]
transform = Transform3D(-0.9756669, 0, 0.21925882, 0, 1, 0, -0.21925882, 0, -0.9756669, 114.696396, 0.25001526, -11.7317505)
script = ExtResource("8_leq5k")
traffic_dir = Array[int]([1, 1])
lanes = Array[int]([0, 2])
next_mag = 34.9615
prior_pt_init = NodePath("../RP_003")

[node name="RP_003" type="Node3D" parent="RoadManager/Road_008" unique_id=1137698026]
transform = Transform3D(-0.97566676, 0, 0.21925877, 0, 1, 0, -0.21925879, 0, -0.97566676, 99.36516, 0.25001526, 56.48979)
script = ExtResource("8_leq5k")
traffic_dir = Array[int]([1, 1])
lanes = Array[int]([0, 2])
prior_mag = 36.27988
next_mag = 34.9615
prior_pt_init = NodePath("../RP_004")
next_pt_init = NodePath("../RP_002")

[node name="RP_004" type="Node3D" parent="RoadManager/Road_008" unique_id=601143616]
transform = Transform3D(0.34605965, 0, 0.9382125, 0, 1, 0, -0.9382125, 0, 0.34605965, 27.793167, 0.25001526, 68.421616)
script = ExtResource("8_leq5k")
traffic_dir = Array[int]([1, 1])
lanes = Array[int]([0, 2])
prior_mag = 36.27988
next_mag = 36.27988
prior_pt_init = NodePath("../RP_005")
next_pt_init = NodePath("../RP_003")

[node name="RP_005" type="Node3D" parent="RoadManager/Road_008" unique_id=1095029911]
transform = Transform3D(-0.98311794, -0.0006293498, -0.18297392, -0.0001394428, 0.9999965, -0.0026903253, 0.182975, -0.0026193901, -0.9831146, -5.7184067, 0.4325977, -3.0487366)
script = ExtResource("8_leq5k")
traffic_dir = Array[int]([2, 2])
lanes = Array[int]([2, 0])
next_mag = 5.08917
prior_pt_init = NodePath("../RP_004")

[node name="Road_009" type="Node3D" parent="RoadManager" unique_id=162150307]
transform = Transform3D(1, 0, 0, 0, 1, 0, 0, 0, 1, 164.79356, -0.13630372, -183.2872)
script = ExtResource("7_1qn5a")
use_lowpoly_preview = true
edge_containers = Array[NodePath]([NodePath(""), NodePath("")])
edge_rp_targets = Array[NodePath]([NodePath(""), NodePath("")])
edge_rp_target_dirs = Array[int]([-1, -1])
edge_rp_locals = Array[NodePath]([NodePath("RP_001"), NodePath("RP_002")])
edge_rp_local_dirs = Array[int]([0, 1])

[node name="RP_001" type="Node3D" parent="RoadManager/Road_009" unique_id=1464210807]
transform = Transform3D(0.9983011, 8.504034e-05, -0.058266215, 0, 0.9999989, 0.001459512, 0.05826628, -0.0014570325, 0.9983, 0.0031280518, 0.24250734, -0.060668945)
script = ExtResource("8_leq5k")
traffic_dir = Array[int]([2, 2, 1, 1])
lanes = Array[int]([2, 4, 4, 2])
next_mag = 53.51228
prior_pt_init = NodePath("../RP_002")

[node name="RP_002" type="Node3D" parent="RoadManager/Road_009" unique_id=180288400]
transform = Transform3D(0.9983011, 7.989956e-11, -0.05826622, -8.0035534e-11, 1, 0, 0.05826622, 4.6633678e-12, 0.9983011, 6.239044, 0.08630371, -106.90329)
script = ExtResource("8_leq5k")
traffic_dir = Array[int]([2, 2, 1, 1])
lanes = Array[int]([2, 4, 4, 2])
prior_mag = 53.51228
next_mag = 53.51228
next_pt_init = NodePath("../RP_001")

[node name="Road_010" type="Node3D" parent="RoadManager" unique_id=827538631]
transform = Transform3D(1, 0, 0, 0, 1, 0, 0, 0, 1, 170.8048, -0.04975587, -287.00055)
script = ExtResource("7_1qn5a")
use_lowpoly_preview = true
edge_containers = Array[NodePath]([NodePath(""), NodePath("")])
edge_rp_targets = Array[NodePath]([NodePath(""), NodePath("")])
edge_rp_target_dirs = Array[int]([-1, -1])
edge_rp_locals = Array[NodePath]([NodePath("RP_001"), NodePath("RP_002")])
edge_rp_local_dirs = Array[int]([0, 1])

[node name="RP_001" type="Node3D" parent="RoadManager/Road_010" unique_id=1767096819]
transform = Transform3D(0.9989134, 0.0001737999, -0.046603996, 0, 0.999993, 0.0037292656, 0.04660432, -0.0037252135, 0.99890643, 0, 0.25, -3.0517578e-05)
script = ExtResource("8_leq5k")
traffic_dir = Array[int]([2, 2, 1, 1])
lanes = Array[int]([2, 4, 4, 2])
next_mag = 33.5514
prior_pt_init = NodePath("../RP_002")

[node name="RP_002" type="Node3D" parent="RoadManager/Road_010" unique_id=801742264]
transform = Transform3D(0.9989134, -1.5989714e-10, -0.04660437, 1.6007107e-10, 1, 0, 0.04660437, -7.460011e-12, 0.99891347, 3.1272583, -0.00024414063, -67.02945)
script = ExtResource("8_leq5k")
traffic_dir = Array[int]([2, 2, 1, 1])
lanes = Array[int]([2, 4, 4, 2])
prior_mag = 33.5514
next_mag = 33.5514
next_pt_init = NodePath("../RP_001")

[node name="Road_011" type="Node3D" parent="RoadManager" unique_id=1593656747]
transform = Transform3D(1, 0, 0, 0, 1, 0, 0, 0, 1, 251.68068, -0.19379884, -75.72204)
script = ExtResource("7_1qn5a")
use_lowpoly_preview = true
edge_containers = Array[NodePath]([NodePath(""), NodePath("")])
edge_rp_targets = Array[NodePath]([NodePath(""), NodePath("")])
edge_rp_target_dirs = Array[int]([-1, -1])
edge_rp_locals = Array[NodePath]([NodePath("RP_001"), NodePath("RP_002")])
edge_rp_local_dirs = Array[int]([0, 1])

[node name="RP_001" type="Node3D" parent="RoadManager/Road_011" unique_id=504791219]
transform = Transform3D(0.0043637175, 0.00023298924, -0.99999046, 0, 1, 0.00023299147, 0.99999046, -1.016709e-06, 0.0043637175, 0.06060791, 0.24253595, -0.0015487671)
script = ExtResource("8_leq5k")
traffic_dir = Array[int]([2, 2, 1, 1])
lanes = Array[int]([2, 4, 4, 2])
next_mag = 211.89
prior_pt_init = NodePath("../RP_002")

[node name="RP_002" type="Node3D" parent="RoadManager/Road_011" unique_id=2146932511]
transform = Transform3D(0.0043637175, -1.6867308e-14, -0.9999905, 3.865353e-12, 1, 0, 0.9999905, -3.8653165e-12, 0.004363718, 423.83655, 0.14379883, -1.8507996)
script = ExtResource("8_leq5k")
traffic_dir = Array[int]([2, 2, 1, 1])
lanes = Array[int]([2, 4, 4, 2])
prior_mag = 211.89
next_mag = 211.89
next_pt_init = NodePath("../RP_001")

[node name="Road_012" type="Node3D" parent="RoadManager" unique_id=1851705449]
transform = Transform3D(1, 0, 0, 0, 1, 0, 0, 0, 1, 248.71121, -0.050000012, 176.71194)
script = ExtResource("7_1qn5a")
use_lowpoly_preview = true
edge_containers = Array[NodePath]([NodePath(""), NodePath(""), NodePath(""), NodePath("../Road_001"), NodePath("../splitter_2x2"), NodePath("")])
edge_rp_targets = Array[NodePath]([NodePath(""), NodePath(""), NodePath(""), NodePath("RP_002"), NodePath("RP_003"), NodePath("")])
edge_rp_target_dirs = Array[int]([-1, -1, -1, 1, 1, -1])
edge_rp_locals = Array[NodePath]([NodePath("RP_001"), NodePath("RP_001"), NodePath("RP_003"), NodePath("RP_004"), NodePath("RP_005"), NodePath("RP_006")])
edge_rp_local_dirs = Array[int]([0, 1, 0, 0, 0, 1])

[node name="RP_001" type="Node3D" parent="RoadManager/Road_012" unique_id=189555390]
transform = Transform3D(-0.117460065, 0.0009328289, -0.9930772, 0, 0.9999996, 0.00093933125, 0.99307764, 0.00011033391, -0.11746001, 0, 0.25, 0)
script = ExtResource("8_leq5k")
traffic_dir = Array[int]([2, 2, 1, 1])
lanes = Array[int]([2, 4, 4, 2])
next_mag = 133.0734

[node name="RP_003" type="Node3D" parent="RoadManager/Road_012" unique_id=1704522288]
transform = Transform3D(0.44671085, -1.3586279e-11, -0.8946784, 3.0414032e-11, 1, 1.0339758e-25, 0.8946784, -2.7210779e-11, 0.44671085, 555.93396, 0, -23.364594)
script = ExtResource("8_leq5k")
traffic_dir = Array[int]([2, 2, 1, 1])
lanes = Array[int]([2, 4, 4, 2])
prior_mag = 148.35083
next_mag = 148.35083
prior_pt_init = NodePath("../RP_004")

[node name="RP_004" type="Node3D" parent="RoadManager/Road_012" unique_id=947108839]
transform = Transform3D(0.009479218, 0, -0.99995506, 0, 1, 0, 0.99995506, 0, 0.009479218, 441.54166, 0, -175.97342)
script = ExtResource("8_leq5k")
traffic_dir = Array[int]([2, 2, 1, 1])
lanes = Array[int]([2, 4, 4, 2])
prior_mag = 213.24603
next_mag = 213.24603
prior_pt_init = NodePath("../RP_003")

[node name="RP_005" type="Node3D" parent="RoadManager/Road_012" unique_id=730920473]
transform = Transform3D(-0.98311764, 0, -0.18297553, 0, 1, 0, 0.18297553, 0, -0.98311764, 4.225479, 0, 2.5879364)
script = ExtResource("8_leq5k")
traffic_dir = Array[int]([2, 2])
lanes = Array[int]([2, 0])
next_mag = 109.63344
prior_pt_init = NodePath("../RP_006")

[node name="RP_006" type="Node3D" parent="RoadManager/Road_012" unique_id=1230035245]
transform = Transform3D(-0.07353164, 0, -0.9972929, 0, 1, 0, 0.9972929, 0, -0.07353164, 222.49008, 0, 23.528992)
script = ExtResource("8_leq5k")
traffic_dir = Array[int]([2, 2])
lanes = Array[int]([2, 0])
prior_mag = 109.63344
next_mag = 109.63344
next_pt_init = NodePath("../RP_005")

[node name="3way_1x1" parent="RoadManager" unique_id=69828376 instance=ExtResource("14_fq3dv")]
transform = Transform3D(1, 0, 0, 0, 1, 0, 0, 0, 1, 548.9302, 0.19999999, 111.56569)
edge_containers = Array[NodePath]([NodePath("../Road_015"), NodePath(""), NodePath("")])
edge_rp_targets = Array[NodePath]([NodePath("RP_002"), NodePath(""), NodePath("")])
edge_rp_target_dirs = Array[int]([0, -1, -1])

[node name="Road_013" type="Node3D" parent="RoadManager" unique_id=2069138260]
transform = Transform3D(1, 0, 0, 0, 1, 0, 0, 0, 1, 500.12292, 0.19996947, 198.86307)
script = ExtResource("7_1qn5a")
use_lowpoly_preview = true
edge_containers = Array[NodePath]([NodePath(""), NodePath("")])
edge_rp_targets = Array[NodePath]([NodePath(""), NodePath("")])
edge_rp_target_dirs = Array[int]([-1, -1])
edge_rp_locals = Array[NodePath]([NodePath("RP_001"), NodePath("RP_001")])
edge_rp_local_dirs = Array[int]([0, 1])

[node name="RP_001" type="Node3D" parent="RoadManager/Road_013" unique_id=1118764960]
transform = Transform3D(1, 0, 0, 0, 1, 0, 0, 0, 1, 0, 0.25, 0)
script = ExtResource("8_leq5k")
traffic_dir = Array[int]([2, 2, 1, 1])
lanes = Array[int]([2, 4, 4, 2])

[node name="Road_014" type="Node3D" parent="RoadManager" unique_id=1117731203]
transform = Transform3D(1, 0, 0, 0, 1, 0, 0, 0, 1, 509.51514, 0.19999999, 147.75656)
script = ExtResource("7_1qn5a")
use_lowpoly_preview = true
edge_containers = Array[NodePath]([NodePath("../4way_1x1"), NodePath("")])
edge_rp_targets = Array[NodePath]([NodePath("RP_001"), NodePath("")])
edge_rp_target_dirs = Array[int]([1, -1])
edge_rp_locals = Array[NodePath]([NodePath("RP_001"), NodePath("RP_003")])
edge_rp_local_dirs = Array[int]([0, 0])

[node name="RP_001" type="Node3D" parent="RoadManager/Road_014" unique_id=1573912761]
transform = Transform3D(1, 0, 0, 0, 1, 0, 0, 0, 1, -23.415009, 0, 36.190857)
script = ExtResource("8_leq5k")
traffic_dir = Array[int]([2, 1])
lanes = Array[int]([5, 5])
prior_mag = 8.0
next_mag = 8.0
prior_pt_init = NodePath("../RP_003")

[node name="RP_003" type="Node3D" parent="RoadManager/Road_014" unique_id=1241814560]
transform = Transform3D(-4.37114e-08, 0, 1, 0, 1, 0, -1, 0, -4.37114e-08, 23.41504, 0, -36.190872)
script = ExtResource("8_leq5k")
traffic_dir = Array[int]([2, 1])
lanes = Array[int]([5, 5])
next_mag = 3.31814
prior_pt_init = NodePath("../RP_001")

[node name="Road_015" type="Node3D" parent="RoadManager" unique_id=108260020]
transform = Transform3D(1, 0, 0, 0, 1, 0, 0, 0, 1, 549.246, -0.14303285, 12.447968)
script = ExtResource("7_1qn5a")
use_lowpoly_preview = true
edge_containers = Array[NodePath]([NodePath(""), NodePath("../3way_1x1")])
edge_rp_targets = Array[NodePath]([NodePath(""), NodePath("RP_001")])
edge_rp_target_dirs = Array[int]([-1, 1])
edge_rp_locals = Array[NodePath]([NodePath("RP_001"), NodePath("RP_002")])
edge_rp_local_dirs = Array[int]([1, 0])

[node name="RP_001" type="Node3D" parent="RoadManager/Road_015" unique_id=389033379]
transform = Transform3D(1, 0, 0, 0, 1, 0, 0, 0, 1, 0.0005493164, 0.24253625, 0.06062889)
script = ExtResource("8_leq5k")
traffic_dir = Array[int]([2, 2, 1, 1])
lanes = Array[int]([2, 4, 4, 2])
next_pt_init = NodePath("../RP_002")

[node name="RP_002" type="Node3D" parent="RoadManager/Road_015" unique_id=1081567342]
transform = Transform3D(1, 0, 0, 0, 1, 0, 0, 0, 1, -0.3157959, 0.34303284, 83.11772)
script = ExtResource("8_leq5k")
traffic_dir = Array[int]([2, 1])
lanes = Array[int]([5, 5])
prior_mag = 8.0
next_mag = 8.0
prior_pt_init = NodePath("../RP_001")

[node name="NPCSpawner" type="Node" parent="." unique_id=1881858446]
script = ExtResource("19_spawn")
npc_scenes = Array[PackedScene]([ExtResource("20_truck"), ExtResource("21_heli"), ExtResource("22_plane"), ExtResource("23_tank")])

[node name="PlaceholderGround" type="StaticBody3D" parent="." unique_id=1924351215]

[node name="Mesh" type="MeshInstance3D" parent="PlaceholderGround" unique_id=788090496]
transform = Transform3D(1, 0, 0, 0, 1, 0, 0, 0, 1, -417.44604, -21.335297, 357.62607)
mesh = SubResource("GroundMesh")
surface_material_override/0 = SubResource("GroundMat")

[node name="Collision" type="CollisionShape3D" parent="PlaceholderGround" unique_id=1187683483]
transform = Transform3D(1, 0, 0, 0, 1, 0, 0, 0, 1, 0, -1, 0)
shape = SubResource("GroundShape")

[node name="Barn" parent="PlaceholderGround" unique_id=1081449196 instance=ExtResource("18_baix8")]
transform = Transform3D(1.5, 0, 0, 0, -6.556708e-08, -1.5, 0, 1.5, -6.556708e-08, -14.228244, 9.732149, 47.058838)

[node name="Tornado" parent="." unique_id=1767961767 instance=ExtResource("1_tornado")]
transform = Transform3D(13, 0, 0, 0, 13, 0, 0, 0, 13, 0, 0, -161.5463)

[node name="Camera3D" type="Camera3D" parent="." unique_id=1980222075]
physics_interpolation_mode = 1
transform = Transform3D(0, -0.35112345, 0.9363291, -1.4901161e-08, 0.9363292, 0.35112345, -1, 1.4901161e-08, 0, 160, 85, -161.5463)
top_level = true
near = 1.0
far = 8000.0

[node name="PhantomCameraHost" type="Node" parent="Camera3D" unique_id=1529851856]
process_priority = 300
process_physics_priority = 300
script = ExtResource("2_host")

[node name="CameraDirector" type="Node" parent="Camera3D" unique_id=1785447964]
script = ExtResource("12_camdir")
lower_per_size = 12.0
look_ahead = 30.0
look_dead_zone = 1.0
look_smooth = 2.0
shake_strength = 5.0
shake_attack = 5.0
pan_speed = 5.0
look_lead = 60.0
ref_speed = 10.0

[node name="TornadoPhantomCamera3D" type="Node3D" parent="." unique_id=1596393269 node_paths=PackedStringArray("follow_target", "look_at_target")]
transform = Transform3D(0, -0.3510781, 0.9362077, -1.4901161e-08, 0.93620825, 0.3510779, -1, 1.48992365e-08, 0, 160, 85, -161.5463)
top_level = true
script = ExtResource("3_pcam")
priority = 10
follow_mode = 2
follow_target = NodePath("../Tornado")
look_at_mode = 2
look_at_target = NodePath("../Tornado")
tween_resource = SubResource("TweenRes")
follow_offset = Vector3(160, 85, 0)
follow_damping = true
follow_damping_value = Vector3(0.2, 0.2, 0.2)
look_at_offset = Vector3(0, 25, 0)
align_transform_with_view = Callable()
align_position_with_view = Callable()
align_rotation_with_view = Callable()

[node name="GroundCursor" type="Sprite3D" parent="." unique_id=1689576190]
transform = Transform3D(1, 0, 0, 0, -4.371139e-08, -1, 0, 1, -4.371139e-08, 0, 0, 0)
pixel_size = 0.325
alpha_cut = 1
texture_filter = 5
texture = ExtResource("5_cursor")
script = ExtResource("6_groundcursor")
spin_speed = 20.0

[node name="HUD" parent="." unique_id=324518760 instance=ExtResource("29_s2dh3")]

[node name="TargetingController" type="Node" parent="." unique_id=1717237603]
script = ExtResource("8_target")
panel_path = NodePath("../HUD/TargetPanel")

[node name="DebugControls" type="Node" parent="." unique_id=1849618863]
script = ExtResource("10_fujdbg")
controls = "[  or  ]             Fujita size  -  down / up
F1 .. F6        jump to F0 .. F5
Tab               cycle the tornado's visual style
Hold Shift   fly the tornado around fast
L-click enemy   instakill enemy"
fast_mult = 20.0

[node name="City" type="Node3D" parent="." unique_id=1748241577]

[node name="Skyscraper_1" parent="City" unique_id=111216368 instance=ExtResource("15_mo32q")]
transform = Transform3D(1, 0, 0, 0, 0, -1, 0, 1, 0, 212.6604, -1.5258789e-05, 104.51079)

[node name="Skyscraper_3" parent="City" unique_id=137397729 instance=ExtResource("28_g8nl4")]
transform = Transform3D(-6.556708e-08, 1.5, -6.5567086e-08, 0, -6.556708e-08, -1.5000001, -1.4999999, -6.556708e-08, 2.8660285e-15, 206.48753, 66.17241, 51.43392)

[node name="Skyscraper_2" parent="City" unique_id=1881892002 instance=ExtResource("15_mo32q")]
transform = Transform3D(1, 0, 0, 0, -8.742278e-08, -1, 0, 2, -4.371139e-08, 140.46582, 0, 48.52716)

[node name="Bank" parent="City" unique_id=515420774 instance=ExtResource("29_vqsqp")]
transform = Transform3D(-0.028102547, 1.4997369, -6.555559e-08, -2.5350769e-15, -6.556709e-08, -1.5000002, -1.4997369, -0.028102547, 1.2283987e-09, 172.68242, 12.629269, 224.3558)

[node name="Motel" parent="City" unique_id=1929868789 instance=ExtResource("30_la2vj")]
